{
 "cells": [
  {
   "cell_type": "code",
   "execution_count": 7,
   "metadata": {
    "scrolled": true
   },
   "outputs": [
    {
     "name": "stdout",
     "output_type": "stream",
     "text": [
      "[[ 8.83957620e-02 -1.06541941e-04 -6.11761522e-04 -9.92647922e-03\n",
      "   7.70514416e-07 -1.96760941e-07  4.52750958e-07  1.04984281e-21\n",
      "  -1.65307430e-11]\n",
      " [-1.06541941e-04  5.24306477e-07 -6.25574153e-06  1.57294702e-05\n",
      "  -4.16722554e-10  9.90748222e-10 -2.84576870e-09 -3.54005470e-24\n",
      "   1.65569282e-15]\n",
      " [-6.11761522e-04 -6.25574153e-06  1.68000137e-03 -1.30516807e-03\n",
      "   4.97684075e-08 -2.63260045e-07  1.76104585e-07  1.20585385e-22\n",
      "  -3.06203916e-13]\n",
      " [-9.92647922e-03  1.57294702e-05 -1.30516807e-03  2.26394881e-03\n",
      "  -1.41815524e-07  2.42068000e-07 -1.94445224e-07 -2.00677838e-22\n",
      "   2.51958405e-12]\n",
      " [ 7.70514416e-07 -4.16722554e-10  4.97684075e-08 -1.41815524e-07\n",
      "   1.89354170e-11 -2.68037167e-11  6.39557725e-12  1.40478228e-27\n",
      "  -4.96722203e-16]\n",
      " [-1.96760941e-07  9.90748222e-10 -2.63260045e-07  2.42068000e-07\n",
      "  -2.68037167e-11  9.78427175e-11 -2.18487142e-11 -1.13231649e-26\n",
      "   4.31260780e-16]\n",
      " [ 4.52750958e-07 -2.84576870e-09  1.76104585e-07 -1.94445224e-07\n",
      "   6.39557725e-12 -2.18487142e-11  4.35201066e-11  2.22576800e-26\n",
      "  -3.54826113e-17]\n",
      " [ 1.04984281e-21 -3.54005470e-24  1.20585385e-22 -2.00677838e-22\n",
      "   1.40478228e-27 -1.13231649e-26  2.22576800e-26  6.59552304e-40\n",
      "  -6.68235630e-32]\n",
      " [-1.65307430e-11  1.65569282e-15 -3.06203916e-13  2.51958405e-12\n",
      "  -4.96722203e-16  4.31260780e-16 -3.54826113e-17 -6.68235630e-32\n",
      "   2.97566477e-20]]\n",
      "[[ 1.07561559e+02]\n",
      " [ 5.63247945e-02]\n",
      " [-2.36435794e+01]\n",
      " [ 5.45712616e+00]\n",
      " [ 3.92419030e-03]\n",
      " [ 2.10816989e-02]\n",
      " [-2.20479824e-03]\n",
      " [-4.70026752e-17]\n",
      " [ 5.52600901e-07]]\n"
     ]
    }
   ],
   "source": [
    "from IPython.display import IFrame\n",
    "import pylab as plt\n",
    "%matplotlib inline\n",
    "import numpy as np\n",
    "import copy\n",
    "\n",
    "# Load data\n",
    "X_train = np.loadtxt(\"X_train.csv\", delimiter=',', dtype=\"int\", skiprows=1)\n",
    "y_train = np.loadtxt(\"y_train.csv\", delimiter=',', dtype=\"int\", skiprows=1, usecols=1)\n",
    "actual = y_train[:,None]\n",
    "N = X_train.shape[0]\n",
    "X_test = np.loadtxt(\"X_test.csv\", delimiter=',', dtype=\"int\", skiprows=1)\n",
    "\n",
    "def plot_feature(X, y, log=True):\n",
    "    plt.figure()\n",
    "    if log:\n",
    "        plt.xscale('log')\n",
    "        plt.yscale('log')\n",
    "    plt.plot(X, y, 'go')\n",
    "\n",
    "def get_weights(X, t):\n",
    "    return np.dot(np.linalg.inv(np.dot(X.T,X)),np.dot(X.T,t))\n",
    "\n",
    "def get_regularised_weights(X, t, lamb=0):\n",
    "    weight_count = X.shape[1]\n",
    "    return np.linalg.solve(np.dot(X.T,X) + lamb*np.identity(weight_count),np.dot(X.T,t))\n",
    "\n",
    "def get_mse(actual, prediction):\n",
    "    N = actual.shape[0]\n",
    "    return np.sqrt(np.sum((actual-prediction)**2)/N)\n",
    "\n",
    "def loocv(X, T, alpha=0):\n",
    "    N = X.shape[0]\n",
    "    loss = 0\n",
    "    \n",
    "    for n in range(0, N):\n",
    "        X_spliced = np.concatenate((X[:n], X[n+1:]))\n",
    "        T_spliced = np.concatenate((T[:n], T[n+1:]))\n",
    "        \n",
    "        #w = get_weights(X_spliced, T_spliced)\n",
    "        w = get_regularised_weights(X_spliced, T_spliced, alpha)\n",
    "        \n",
    "        pred = np.dot(X[n], w)\n",
    "        diff = (pred-T[n])**2\n",
    "        loss += diff\n",
    "    \n",
    "    return np.sqrt(loss/N)\n",
    "\n",
    "MYCT = X_train[:,0][:,None]\n",
    "MMIN = X_train[:,1][:,None]\n",
    "MMAX = X_train[:,2][:,None]\n",
    "CACH = X_train[:,3][:,None]\n",
    "CHMIN = X_train[:,4][:,None]\n",
    "CHMAX = X_train[:,5][:,None]\n",
    "PRP = y_train[:,None]\n",
    "\n",
    "\n",
    "\n",
    "sig_sq = 0.05 # Noise variance -- we assume this is fixed\n",
    "\n",
    "k = 8 # polynomial order\n",
    "\n",
    "mu0 = np.zeros((k+1,1), dtype=np.float)\n",
    "sig0 = 100*np.identity(k+1, dtype=np.float)\n",
    "\n",
    "# Construct the X object, and the test one\n",
    "X = np.hstack((\n",
    "    np.ones_like(MYCT),\n",
    "    MYCT/np.log(MYCT),\n",
    "    np.log(MMIN),\n",
    "    np.log(MMAX),\n",
    "    MMAX,\n",
    "    MMIN,\n",
    "    MMAX*MYCT / MMIN,\n",
    "    CACH**CHMIN,\n",
    "    CHMAX * MMAX * CACH\n",
    "))\n",
    "\n",
    "sig_w = np.linalg.inv((1.0/sig_sq) * np.dot(X.T, X) + np.linalg.inv(sig0))\n",
    "mu_w = (1.0/sig_sq)*np.dot(sig_w, np.dot(X.T, PRP))\n",
    "print(sig_w)\n",
    "print(mu_w)\n",
    "\n",
    "\n",
    "\n",
    "predmu = np.dot(X_test, mu_w)\n",
    "predvar = sig_sq + np.diag(np.dot(testX,np.dot(sig_w,testX.T)))\n",
    "plt.plot(x,t,'ro')\n",
    "plt.errorbar(testx,predmu,predvar)\n",
    "\n",
    "\n",
    "\n",
    "\n",
    "#print(\"Training loss:\", get_mse(actual, predictions))\n",
    "#print(\"Validation loss:\", loocv(X, PRP))"
   ]
  },
  {
   "cell_type": "code",
   "execution_count": 44,
   "metadata": {},
   "outputs": [],
   "source": [
    "X_test = np.loadtxt(\"X_test.csv\", delimiter=',', dtype=\"int\", skiprows=1)\n",
    "MYCT = X_test[:,0][:,None]\n",
    "MMIN = X_test[:,1][:,None]\n",
    "MMAX = X_test[:,2][:,None]\n",
    "CACH = X_test[:,3][:,None]\n",
    "CHMIN = X_test[:,4][:,None]\n",
    "CHMAX = X_test[:,5][:,None]\n",
    "N = X_test.shape[0]\n",
    "\n",
    "# Model\n",
    "X = np.hstack((\n",
    "    np.ones_like(MYCT),\n",
    "    MYCT/np.log(MYCT*0.000001),\n",
    "    np.log(MMIN),\n",
    "    np.log(MMAX),\n",
    "    MMAX,\n",
    "    MMIN,\n",
    "    MMAX*MYCT / MMIN,\n",
    "    CACH**CHMIN,\n",
    "    CHMAX * MMAX * CACH     \n",
    "))\n",
    "\n",
    "predictions = np.dot(X, w).flatten()\n",
    "\n",
    "pred = np.ones((N, 2))\n",
    "pred[:,0] = range(N)\n",
    "pred[:,1] = predictions\n",
    "np.savetxt('predictions_regression.csv', pred, fmt='%d', delimiter=\",\", header=\"Id,PRP\", comments=\"\")"
   ]
  }
 ],
 "metadata": {
  "kernelspec": {
   "display_name": "Python 3",
   "language": "python",
   "name": "python3"
  },
  "language_info": {
   "codemirror_mode": {
    "name": "ipython",
    "version": 3
   },
   "file_extension": ".py",
   "mimetype": "text/x-python",
   "name": "python",
   "nbconvert_exporter": "python",
   "pygments_lexer": "ipython3",
   "version": "3.5.2"
  }
 },
 "nbformat": 4,
 "nbformat_minor": 2
}
